8 0.0012149810791015625 23
10 0.0005650520324707031 13
12 0.00530695915222168 111
14 0.0063588619232177734 139
16 0.013985157012939453 315
18 0.04131293296813965 882
20 0.052989959716796875 1351
22 0.20214509963989258 5143
24 0.27968406677246094 7238
26 0.2097489833831787 5271
28 1.352247714996338 34165
30 2.1928141117095947 54526
32 3.5640408992767334 92972
34 5.916011095046997 151039
36 12.918200254440308 335225
38 15.995225667953491 416622
40 8.904749870300293 224157
42 139.04372787475586 3379844
44 356.62626695632935 8287879
46 338.78340911865234 8500189
48 1076.6101291179657 26923205
50 1387.157597064972 34438965
